171 3.5330542215181717 6.895903830083086
150 3.425992009226582 5.979365782996385
457 4.43005195564914 11.66385928970775
633 2.291066013983639 4.681707044320418
314 3.673619384908261 4.853247191384785
481 4.301890206476906 11.136534856173125
326 4.1866639467479745 11.005499700166746
610 2.472030422389853 3.485804637667
583 1.6261109791378439 2.8227672575698084
124 3.9742304984963277 6.4121882736786455
594 1.7657418828520435 3.191702397879297
335 3.739575746765435 9.43436430361679
379 4.209982470098363 10.843768972704245
347 4.707466475530227 5.351542961835902
189 4.208263265573592 4.983377456765385
487 3.243895402649305 8.231328920883085
517 1.824172992626802 3.464623009288426
427 3.934137958018249 9.970559531149707
626 2.175544962635075 4.210313830965031
446 3.6092083251435962 8.463566659330368
449 3.4982588924013425 7.646020866728424
632 2.09912252280043 4.083494719672125
264 4.510081702670861 5.086382127774569
520 2.025436414519265 4.023031831267995
433 3.7161236545851306 6.431407150559493
327 4.319780491497965 11.279369421373014
319 3.829267065449581 7.198520412333487
127 3.6919445078660695 7.043732223819489
353 3.6383323059103203 9.164751254719508
71 3.3736968299137393 6.518278046280032
553 2.54896383592778 5.6075479972401805
518 3.0781780767601896 7.089762111427311
441 3.730860925574974 5.847297446769361
167 3.719801164160426 7.678360612235172
377 4.424819679911155 11.364960285058693
546 2.567943458690596 5.675029205506007
130 3.6389102774409907 6.433612862785787
623 2.2756512504871407 3.2009321320488238
627 1.8487434697078573 3.0783595394444596
249 3.507733157629517 8.43618846694924
406 4.32314995682877 11.171434013496356
387 4.001824717029578 9.660016993701667
253 3.305967980899898 8.292725787134927
568 1.8847369467059445 3.547887473320613
254 3.8434363317929146 6.572071591471528
320 4.60106778465227 5.97530480412191
32 3.339759213022891 5.957608764552955
454 4.508440613235534 11.818720619990405
83 3.81189842558358 4.748809073367735
218 4.030508284916899 5.199284221508511
374 4.440645379181619 11.598337570742792
442 3.9327305849667096 7.988006725351831
432 3.944128843325087 5.454925255874206
611 2.4787341745631712 3.4870132384004124
35 3.6268918042135523 4.487934242457882
508 3.371468992429263 8.415443544640548
51 2.9795281183363986 5.771251205329162
602 2.2055543570380047 2.9779691509626067
598 1.8595412505672082 3.4999467602071612
581 1.8402413798166584 3.576772238040061
422 3.323039308769122 6.284580406276141
529 2.431229480440099 5.305379347633702
260 4.534426674789515 5.185376018687389
614 3.0350610107231715 3.5913912307785045
375 4.045713947456416 11.392323193184858
563 1.665337456362214 2.912843640893044
478 4.264938250097582 11.527335430146913
118 4.099579524133412 4.937050675525763
599 2.0565247939031366 4.077586753385179
397 3.8798542574226484 8.381056655184178
46 3.318273545221974 7.314280772132621
233 3.951421017258998 4.7980754673945984
177 3.590932609399512 5.3505103990815055
630 1.883272571839516 3.5133183637905154
169 4.182968688129438 4.898452697118172
77 4.035389428900876 4.875112944417353
378 4.621567679138128 11.858599641047167
174 3.9575706951012095 5.055767060278746
204 4.123627833981319 4.9181742305897505
125 3.934418679281837 5.2399058808624295
313 4.724079520587001 6.17174597566764
513 3.2967403616404876 7.909368517040594
549 1.62686831920442 2.7335679522434213
373 4.224645463620813 11.419566619020857
493 1.854682506022231 3.5481125724526
310 4.2877555534318095 5.726681859338565
237 4.459476957211837 5.232496436306225
258 3.201561784137196 8.230457648232932
380 4.528538411337156 10.980394054527832
146 3.2766639309329872 7.6397985263758175
418 5.044563821573852 5.657426122823166
187 4.069677915522805 5.154172649288594
395 3.821673408832023 7.615298063507223
173 3.441744535834408 5.087767003569561
70 3.1200460223172373 6.051917279193984
114 4.3480976207105595 6.284788577985479
461 3.453934756716381 9.04333901079309
559 1.8848805628371796 3.6788637002892286
543 2.0524040401677555 3.606648031851989
243 3.412882780295699 8.503737855299864
408 4.334412685115159 6.976145422555032
451 4.477909705560951 11.654585877800887
544 1.8339540225713344 3.323487093079411
414 4.961101482898619 5.981842000383697
354 3.7505331041208327 9.477728194899033
364 3.4509385921535825 9.124667891549937
514 1.463014031797436 2.3387261620643676
72 3.408029983359331 5.610080757824844
409 3.8968305232890805 8.70302156675547
53 3.1628054343241354 7.253553062815955
469 2.9178268118199817 5.549388834929436
149 3.3887574558403513 7.399058460492756
624 2.2906872035594597 3.9076389120629202
267 4.286842888602198 5.615253580149747
507 2.3611127897991695 4.942515100232809
561 2.077549651382805 4.21412460342854
515 1.9408508196042051 3.5979873566405387
333 3.5142575039452773 8.768418528804585
144 3.4426687973905032 6.733599751490598
636 1.8807525264433473 3.5286277560132793
132 3.833679377808926 4.652824365787946
555 1.5715417389771438 2.7159603135344788
168 3.6688193165964558 5.901700862394399
383 4.124067036242276 11.118191755992765
316 4.036030238036831 6.309117174518567
47 3.2223816252141115 7.718029081013527
381 4.645849733664164 11.629661096426636
299 5.8508907455801715 6.485530723921998
492 1.8416665378842765 2.954911309921524
425 3.6758071035854263 6.183501954925035
272 4.89722880081218 5.595550180421399
382 4.407612516879524 12.079987619054663
592 1.6732445393851414 2.9973267529454932
440 4.063493913293913 5.530796547131599
385 4.4662865504519145 11.784781990728556
332 4.189670564201155 10.149338561562365
123 4.203999361962692 5.624766013020396
217 4.1844427289447585 4.996062635018677
33 3.2510063147843367 5.7438092101005775
620 2.482788453513347 3.2481327075039133
560 1.7800639254384145 3.2668819094578905
439 3.6494764733560223 6.093425673464147
438 3.6357150421857307 7.233075397543101
351 3.7994321278618974 8.159225143097355
403 3.780134364272798 8.959887413588731
575 1.9085073413437357 3.685615747248378
324 3.835484997626671 6.064219781530089
153 3.447160572636938 6.984308290782288
622 2.1597876583769247 3.2224789444710407
635 2.1479423487953793 4.375337763467422
503 2.5812407110782356 6.047295446835796
540 2.2344136869097495 3.72468122482389
391 4.255931385247633 10.70282958121919
139 3.5529653072280536 7.64064842788752
135 3.647116648882396 8.98464048793938
331 3.6767465518538742 7.668850989852803
49 3.24808404127634 8.431349869494738
436 3.888987739655944 7.976829039099689
562 1.7154123033876707 3.1136404343684707
69 3.3362118534373773 5.446075593407076
45 3.2909889488926005 5.122813789086299
342 4.602940007137267 5.610454711080718
550 2.092232716621666 4.152385968814356
65 3.8772241176376814 4.786253334963402
459 2.8706433142983077 6.937391266749972
155 3.311845644635892 4.810574164213263
156 3.644741867643246 5.109076588610341
134 3.7830277633640437 9.46333539924595
317 4.763697830854585 5.6806744372505875
350 4.044514097776874 5.568175305334508
557 1.5718578228623672 2.675988706099787
569 2.3429193245360898 4.966102478945738
466 4.278123558403311 11.111543909725283
501 3.0992398668717467 7.483284504706088
582 1.7397097398657007 3.157242506472638
360 4.031481178174659 10.533519803749108
484 1.703947783578007 3.116713812017391
595 1.929600417029269 3.660182150543923
496 2.5018650471228407 5.437773634048446
401 4.118609068857668 6.3373206116760485
128 3.879220645899293 9.306818888250433
140 3.63320236931858 9.243743925724278
613 2.878951501691817 3.6178835484908873
407 3.711036558600481 8.840258780867273
424 3.9168454675001194 6.875318818607868
54 3.611443024448756 8.77471464435802
355 3.5939706551646737 9.402762492409336
535 2.11693516646253 4.227223427967084
400 4.343589595439775 5.452155138397772
143 4.080993155875263 11.263438019206742
495 1.9237128147412532 3.000265167208352
186 3.383668039222595 5.832549041936942
148 3.4551535149602928 6.8271283704734635
119 4.371370848767098 5.055788783242247
421 4.124178984062878 10.722701000217736
601 2.2640451915368267 3.3249736157534575
97 4.067279981473994 5.513345049630731
402 3.621610731667528 7.6241619996453505
157 3.976584510307372 4.952076252595019
370 4.33883192606792 12.011158647697759
349 4.1028080215568234 5.505750845258845
612 3.0987587302392745 4.380851541014034
597 2.295583096634546 4.97505914495089
262 4.199588562764065 5.323282949829689
67 3.734361835882583 8.621106532785412
476 3.9070168967825247 9.377701830076116
356 3.7030433529395332 9.294201729618
345 4.67110220948511 5.261372995719166
428 3.0535977091798614 7.332243317205747
307 4.125852787467768 7.130404304440184
548 1.7963877061757405 3.248556962725762
488 2.572137142949959 5.711952060392028
188 4.046719296584463 5.208327254883464
511 3.36997553821103 8.697930602687517
39 4.0938711701809085 4.840483329348302
490 1.96647596382477 3.880937595067539
247 3.648221752700737 8.476011757521258
498 2.541020611924231 5.7964980819724685
328 3.59856143484524 8.01007704513245
367 4.164289321422587 11.8294651247154
340 3.672440496033402 5.898754543823405
236 3.83187149228035 4.978278611779954
522 1.9171993358243278 3.1075292932469245
587 1.7772806580727896 3.418811895237679
398 4.0935397614489215 9.333341194553428
483 3.6854779699536415 9.388307929632322
352 3.428510464781259 7.059746165970221
574 1.7321956676669141 3.120250217389497
590 1.7120171173539955 3.1244835843890737
361 4.25855977817682 11.262142093606307
115 4.4469000907105976 5.153634905980453
145 3.8495155136316215 8.726039879017705
604 2.871141261493497 3.4147238215650684
482 4.398138668265685 11.078721448100717
175 3.8303208701524243 4.891025261401575
147 3.696469139396596 4.5782886709446595
336 4.046529911102142 7.326140100305428
37 4.335780051544788 4.806434315062652
48 3.13082187237691 6.786748780660117
578 2.2592471576317177 4.736910630882425
616 3.2929604625600795 3.7939526781138135
334 3.998895341309123 8.47085786197205
357 3.688207348185067 8.79261806221193
376 4.5162284429817845 11.450377799569402
308 4.1090439461126085 5.504256153299695
577 1.7176182811720775 3.088283937278849
363 4.197999764447324 11.37866612818453
504 2.0475850750090765 4.258083673334954
64 3.6652683206852457 4.929706935547642
369 4.4336723965279266 11.563072557843855
591 2.2513492216015556 4.8323615040150605
58 3.158918624981304 7.309193929268264
365 3.72165053041111 9.44504575910013
556 1.6644156016392855 2.987581313700159
394 4.14432722307565 9.929395834374018
50 3.3378816183263647 7.112339671750995
465 4.958411829466008 11.461908071925519
420 4.162822292976287 10.260811418486012
393 4.022001884754235 7.088363552658344
426 3.973345892232276 7.954204401697472
460 3.4684823678160255 8.922188117196901
584 1.7235231153408297 3.1880256159891145
532 1.9918168731975154 3.923787688747056
56 3.15507141173003 6.159786436253426
131 3.953383035292534 5.524167763556897
462 4.161714089135385 10.948640601247094
486 1.9329486925999548 3.9628925709439007
552 1.792048702843451 3.4203892737415384
257 3.3975300412043112 6.095632799683251
362 3.9576206663491442 10.459338571739856
475 4.040200302849872 9.013137189275026
596 2.049041225572374 4.107085872312545
185 3.8846600913710736 5.282310017806642
453 3.546737455087346 8.89022779168783
138 3.583465930528339 6.7401664457100114
133 3.461273988392646 6.02038233685083
458 3.4391288593371248 8.638019125929778
571 2.108137502010931 3.1199640349183135
580 1.6757866210244912 2.972453187188593
474 3.5909907062487454 7.0374685604951
576 1.726526746036954 3.087010976502221
530 1.6877958704841998 3.0224435765928623
527 2.2075490483183184 4.580281738075661
390 4.008883752902715 9.060196815391446
323 3.6977442587398994 7.242553657938574
500 2.0518229742576106 4.107755153034682
589 1.7942904724908426 3.2826394730434583
36 3.9164249938549536 4.552467254382277
566 1.7613382501112318 3.2422384909668662
467 4.39938065798295 11.421730424160465
430 3.9380508699096475 6.495765204028321
245 3.7116098149073937 10.042213955626188
384 4.424551022685935 11.219353857122433
246 4.114834890001353 10.387299971098077
570 2.604198133738677 5.567286672626765
348 3.9263913213563577 6.7576007079106
417 4.815754554492699 5.820479360069152
210 4.737816154487794 5.2555784556906655
322 3.872154669583217 6.403812058090777
551 3.028275291469541 7.171099159930499
472 3.781150914218705 6.594721601190456
34 3.4842206889556153 5.051434068677763
242 3.475844929952963 7.349393878677004
429 3.4299317019519004 7.920057307948686
117 4.189942183360714 4.91019705937872
619 2.4692533119242506 3.8511766756093215
126 4.155232201824764 5.235605603460756
505 2.423046599800724 5.289180893614128
634 2.3351542517044903 4.928993431670965
44 3.351157751913911 6.435636331846368
244 3.3239755048851936 7.03214693501191
311 4.112369402937863 7.652770607399739
539 2.7212320342090903 4.942055360200715
456 3.822757202930119 9.493882567261716
306 4.565567779237277 5.824673391994641
252 3.5104875000352163 9.200480157602899
63 3.4743138964134825 5.260235461530591
621 2.384089837851041 3.6794106813134553
152 3.293019925423305 7.043823461972388
519 2.1639487459091598 4.229412876057927
600 1.8568830909219467 3.260072544677816
435 3.867209310675118 8.33556841098354
66 3.550978145690859 6.145166836767286
450 3.794970358861666 8.568987513128898
510 4.041261882026769 10.357376735898564
251 3.6134825011411666 9.278907261866854
603 2.4965933239298432 3.7779279164997273
151 3.3272633233332387 5.230360525542043
542 2.005135949785863 3.097556036002189
129 3.668611416567618 6.587793267949012
263 3.5727126775086058 7.554882846301518
248 3.7615739229837564 9.461408109764866
618 2.762161215419785 3.5914465102886464
554 1.664622762058153 3.007207833271342
586 1.6477118340086632 2.918030837951288
565 1.842888772120667 3.4524473300474483
443 3.5223908683914185 6.986768540399849
344 3.9677602355085626 5.846933476865748
154 3.459426857824747 5.495521615607956
629 2.14991455406737 4.322661881451578
494 2.1197787684143448 4.28809804762243
142 3.7839193014314443 7.838318467196161
534 1.802192274038368 3.2689046651431126
346 4.1570672863898555 6.250181790490162
388 4.022363670493475 8.799220641148347
366 4.247149891265973 10.934355284332165
579 1.9002771609332174 3.6379393843339294
312 4.164858362132668 5.7771541430908115
372 4.461941590497793 12.234491321432307
329 3.9273384246595375 9.54378222250114
60 3.692463122243498 9.385215124868399
547 3.0446908109868143 6.908422641665262
545 1.6278697795693833 2.7202983248303045
516 2.354442081838605 5.056618836510323
43 3.2552422341564404 4.835131600649661
399 4.295947972119087 6.4486979335988694
163 3.9821380727080378 6.135605878871497
52 3.287244980297203 7.567481945592425
452 3.073683401858471 7.782826314928024
172 3.462758416261759 7.854396680499476
250 3.216173446730367 7.39314082211702
491 2.314639212775468 4.983794927583213
477 2.6708557982831214 5.815978841627419
341 4.135354194446666 5.762330476449528
437 3.604981752423751 7.361239428982923
497 3.066554633897148 7.39189997239236
447 4.097377436074148 10.323698705243682
315 4.394815364261189 5.6867548246754165
368 3.842517898179795 10.396188673699594
159 4.116570952382427 5.185277578359413
325 4.119730440219281 6.546958801935448
321 4.491857319996364 5.692462608824004
59 3.7074062172273075 8.760288359723456
572 1.7689139927699062 2.9719905551935337
337 4.756530588381878 5.311364505016546
585 2.0758040706812917 4.233490933461845
499 2.2984485422153043 5.065698592458763
564 1.7104167235960601 3.0169979118993813
31 3.2225538932893953 6.7140084291502
479 4.108537454982779 11.064169775876781
309 4.597380966790593 5.458038285268975
73 3.2930055835823495 5.091263143097041
62 3.67844422188096 7.619774924036541
57 3.1602310510600913 6.8903349967962475
220 4.475496166352285 5.221259228807902
158 4.16992186666206 4.898701535676841
38 3.568494924079324 6.584908482407098
266 3.5966632180500167 7.578032971002999
371 4.317704619028463 11.348016197567386
528 2.207295670134523 4.7359872492890105
567 2.08779435026165 4.410312021376751
419 4.151729270555444 6.126229911798652
531 1.6989473690499803 2.9342657714850833
176 4.164372611009451 4.800855073128995
68 3.4444808444571327 6.9446876502505885
92 4.870359740100404 5.381291142174731
91 4.311176407273834 5.363330087686564
410 4.213729798864375 7.427415505768493
628 2.2319323580655386 4.482955666914611
434 3.2469386330223196 5.973095152126791
489 3.1875972521990827 7.93295233311466
84 4.008654779287849 4.934053266486358
502 4.271075027915412 10.743571427829837
588 1.7217587257103768 3.1224744565298614
359 3.853578705016142 10.042928791635203
404 3.7612235224259036 8.095581117437966
116 3.816715204922871 5.090829354053181
318 4.927010590364662 5.48965787135617
558 1.6293383115182007 2.767418057833268
170 4.036032091971618 5.004823491460465
631 2.004204587920742 3.848424898749294
468 4.221331201918639 10.390155424077586
396 4.058048557410396 8.570830050376909
464 4.632019862575191 11.225425153139287
536 1.808674899347663 3.204521561576378
386 4.32533987015571 10.643411962440165
485 3.0743361257096655 7.351241860686706
209 3.9087401079834345 5.34514644240548
61 3.774400193396584 9.914742226929723
615 3.5663260070463068 4.092343278492428
625 2.1763904854795753 3.9182770487613094
241 3.4585940543221945 5.169079919316934
203 3.61042055963637 5.173970514723155
431 3.825462071091577 6.122525745664301
256 4.680066265387262 5.366634050831916
55 3.1535302170668342 7.097865932750808
40 3.3775086231999634 7.578862318576006
448 3.3259394142581233 7.836771865432611
463 4.10395788336957 10.452926919623929
259 3.7777282581322034 5.439040278951851
423 4.126732887018479 8.495679879110678
392 4.3046388302826335 10.203920673911146
141 3.2114901665314775 6.19709048527013
593 1.7572289632588889 3.197824679669812
358 3.2611582313224483 8.656633146662191
405 3.412646956603073 8.859879986516752
389 3.9408182996517285 7.9044722243588605
512 1.9576585830141413 3.8255837017441467
82 4.43062752617059 5.135475940509782
330 3.837543361549651 8.489501442094308
455 4.173695389740566 10.57129798244138
445 4.313223245194671 11.393745038820342
541 3.3329796893478227 7.267071598714759
533 3.2561462569894783 7.561885479509071
573 1.6544625827888135 2.8454275185624764
136 3.7585948273480727 8.141376688043842
617 3.6095942119079085 4.189269791128044
473 3.7733398805905116 6.523897656624508
509 2.195598847516149 4.625686913870179
470 3.790645778774352 7.074430382216104
471 3.85006719083497 6.33700901775845
42 3.2625375906970544 5.528485603372653
240 3.389982207551532 5.403889173641701
137 3.3832773314016036 6.946128726961857
444 4.067829985068299 9.915882944273111
113 4.618957561059943 5.312694817303434
480 4.203355144953928 10.981826888583464
41 2.8957613426584192 6.21297064458488
